$ANSIBLE_VAULT;1.1;AES256
31623863656261626466326266393662356536643430636332616139333335613730626664393633
3036353038313638383962373665326463323837616661360a633533653439336666303431636138
31623237343962613664363938626264303031623030386261396462353639313263323631383638
6364393264393432310a373137313366376638386634373131343638303134363332363236316564
63333438336364336162616465333562646432616462316535353363373634346165376233383438
33633632353335363065633530386262313139303664626635326337323466376330656239356266
65663331623961393639313261363462393436363939636538613739363235393262663431636366
62303935303136336134396562353434613834316432353738316365386362303137333865363732
37383138613738393266323130313763303932316565376261623131653264653735376233646535
66376662353961303733366230323665353931376665336438393636303834636532346430663364
62346531386362396135333335316465383832656266386135646261333636663231663861393734
65633261633962623761393832313937376331306566616164366163323035633638373330393635
38643430653164373033353239333739363230396432323834643234666164303264613430363739
33333866313632633939636361623635363038316537366635376630636135306165616437616439
64333566346633373861373962303966333364383066373962393437313338646433333864636430
38383132356163383963616365623535383539366366333639646331313334636430326434323866
32303636643731333939346335336364616335656336653466396666393535646532343530333138
37313337383230653361386232373634333633356266393937623831326537343865353635663339
34663532643264366466633466663638353735653361313137336339346462643434303431616564
61653432336638353139343966303734636432316330346365666261613061643533356163633632
63353835653236396632363239656261363930623765626532623934656133663232663333336637
63376535333333623937663135346132346564646233306636316433303135616639343466666436
30653931326437323437356133303631343461316463356437653937656436656231663433393433
61616136313962316131
